hh: 14.742
Berganskiller: 9.93985
Berganskiller: 8.91226
Shallabais: 8.53198
Trallala: 9.93575
blaa: 10.2686
br: 9.99722
bergan: 10.908
lala: 11.6608
