hh: 14.742
Berganskiller: 9.93985
Berganskiller: 8.91226
Shallabais: 8.53198
Trallala: 9.93575
